"txStart"
10940596
11897405
15528158
15690025
15700385
15740892
15784953
15805697
16590750
16601910
16653707
16746868
16783479
16827473
16961935
17036569
17084999
17116296
17121594
17137519
17159388
17178789
17256858
17359948
17369459
17563497
17580154
17592135
17638583
17638756
17655661
17706780
17734137
17734139
17764179
17777289
17787648
17834334
17860154
17980867
18029384
18077989
18110808
18150169
18178025
18361817
18421383
18422243
18516343
18527801
18533863
18605814
18733934
18773688
18846285
18850117
18865041
18906319
18912780
18970497
19017833
19022623
19036285
19046161
19130278
19131307
19146992
19171705
19175580
19179472
19330697
19432544
19440885
19449910
19479465
19479825
19479919
19523023
19523026
19566129
19714502
19717219
19718442
19718468
19723538
19756702
19760777
19783222
19846145
19875521
19893907
19941771
19950901
19951517
19962552
19963752
19969895
20017022
20021107
20021109
20033138
20080240
20085745
20086057
20111874
20114685
20116103
20117504
20117744
20126401
20131803
20148415
20198728
20206331
20241414
20249133
20314237
20338029
20338912
20394150
20424583
20441518
20507609
20508046
20689554
20701113
20707690
20774112
20859006
20917406
20957091
20965171
20967254
20982296
20999103
20999771
21001921
21008202
21015152
21015159
21028717
21034175
21042391
21045945
21103015
21167864
21207972
21282424
21300990
21354612
21383750
21417370
21467386
21472997
21545665
21549446
21567713
21628088
21632759
21642301
21652180
21652980
21653303
21657759
21666011
21697535
21759656
21769029
21919424
21938236
21957024
21991098
22244785
22298097
22484420
22513735
22547700
22559342
22631556
22644619
22646311
22822775
22886266
22887815
23059414
23070518
23145323
23145476
23180508
23262766
23326615
23359605
23390604
23433563
23462085
23538101
23573124
23608451
23638486
23691012
23696415
23738681
23752742
23762989
23765833
23772848
23786965
23834502
23856933
23857151
23857874
23893709
23894382
23957413
23966887
23971369
23973096
23980133
23998400
24011303
24011369
24181486
24219653
24219659
24251620
24270816
24270830
24342107
24423596
24427598
24429205
24432247
24438276
24495331
24540437
24555649
24555998
24583749
24585634
24603192
24632914
24645165
24719033
24764500
24806210
24935097
24952715
25070156
25102416
25111142
25199857
25219638
25318256
25448086
25455645
25564674
25742187
26169461
26429259
26443108
26450881
26483876
26491239
26512531
26521995
26555211
26599277
26621962
26657481
26672842
26860210
26903291
27048143
27187515
27221349
27310650
27748276
27851668
27919375
27920524
27920525
27978013
28459868
28687742
28742031
28742038
28742680
28772694
28773136
28794559
28883571
28917388
29024998
29058671
29073034
29205895
29259851
29259871
29268267
29307022
29312932
29327679
29333162
29437014
29438582
29480217
29505878
29508166
29554807
29603555
29603632
29720002
29730955
29767368
29788610
29883173
30007048
30008745
30080463
30239193
30240452
30246209
30262828
30285116
30291989
30331987
30356623
30357006
30368810
30378820
30397017
30425767
30432685
30447660
30459228
30481289
30488901
30488958
30522787
30522798
30554634
30576624
30607173
30635780
30652050
30661444
30693781
30694873
30731556
30764252
30822515
30881680
30886055
30922307
30925129
30969210
31064117
31081317
31082859
31084995
31104776
31122922
31122965
31134806
31160061
31160181
31212297
31248383
31281592
31281599
31325803
31335348
31340678
31346758
31399603
31439366
31496138
31496535
31618490
31621466
31681346
31753967
31754018
31754022
31933520
31933522
31944534
31970822
32043260
32059137
32121976
32149005
32190434
32190437
32205114
32218463
32354884
32357866
32359905
32376663
32387581
32413844
32474810
32475267
32507819
32801704
33108528
33272508
33436581
33704785
33724985
34756664
35066157
35119823
35257492
35299274
35299893
35335639
35336720
35381095
35400139
35532805
35539899
35540493
35540830
35606763
35648445
35717871
35738735
36140322
36140328
36189127
36197454
36226208
36253070
36253132
36281279
36286846
36467045
36487189
36510854
36560856
36703875
36758210
36772403
36800702
36847371
36861005
36913627
36965247
36991124
37010858
37010864
37019741
37019819
37051735
37065435
37125837
37125842
37180165
37204236
37225269
37282507
37340643
37352189
37367959
37469062
37490361
37560479
37570247
37608833
37609039
37639668
37641831
37658722
37675635
37686342
37697047
37744309
37746233
37805228
37807933
37823381
37830854
37844271
37847677
37849418
37906296
37943049
37953662
37953698
37967562
37972311
37988793
38057254
38057403
38078136
38084899
38111494
38201993
38203019
38219290
38224478
38290690
38344664
38426326
38468095
38483437
38518947
38569281
38570499
38578117
38656637
38681956
38685542
38705943
38734733
38778507
38818451
38861421
38957608
38982346
38991558
39014256
39021126
39040863
39077004
39077274
39097243
39130771
39223358
39312881
39313818
39315212
39316841
39319051
39349990
39364146
39399779
39432159
39457011
39475806
39487223
39500099
39502289
39520558
39520561
39529092
39570752
39743043
39901083
39926603
39946816
39994953
40043129
40044833
40177924
40346499
40370593
40410288
40521799
40679483
40769629
40813882
40824534
40857147
40859548
40951377
41073601
41092512
41092591
41185213
41205311
41209121
41229512
41244778
41252991
41301524
41367454
41381941
41433493
41459716
41469116
41525798
41551708
41561009
41576899
41598027
41621294
41673932
41688936
41699502
41800678
41827480
41833104
41900943
41909542
41922031
41923221
41938736
41944920
41952186
41969442
41976777
41998787
42058333
42074247
42079699
42079948
42085525
42090932
42126498
42139575
42160012
42269752
42364399
42380406
42500578
42508343
42553955
42573243
42583720
42615243
42617839
42639802
42692120
42718236
42796501
42869765
42869772
43038584
43039515
43110749
43132205
43132208
43151558
43151932
43151934
43166621
43197279
43212673
43275941
43400330
43412013
43416551
43516253
43528777
43824508
43879677
43923804
43955441
43999210
44024301
44026303
44069105
44172950
44180924
44243664
44443326
44492582
44569339
44606327
44668750
44677084
44702203
44752574
44881161
45000564
45133757
45163924
45164670
45176241
45192243
45200953
45284948
45308959
45309933
45318448
45344062
45413692
45502882
45604431
45671833
45760523
45920365
46006615
46039906
46048530
46053845
46064650
46085996
46091043
46112748
46113565
46113685
46150525
46150794
46244012
46255662
46268007
46295142
46296869
46335713
46361173
46577087
46620385
46684409
46762649
46763741
46774097
46914091
47345570
47461298
47621042
47631673
48274363
48489552
48538899
48576339
48780294
48866769
49414523
49543392
49619627
49773277
49773282
49853843
49900228
49918633
49960771
49962865
49991810
50018574
50059390
50090005
50147054
50170730
50185912
50190586
50201010
50217693
50245182
50252900
50263712
50274978
50309029
50343326
50407441
50444999
50481542
50486858
50502948
50508223
50523567
50525751
50530425
50545898
50551111
50568860
50578962
50583025
50600792
50622753
50672822
50735828
50738203
50757085
50767505
50783728
